err(2)=0.0230103;
err(3)=0.0089269;
err(4)=0.0110097;
err(5)=0.00611631;
err(6)=0.0186404;
err(7)=0.0108773;
err(8)=0.00438293;
err(9)=0.00300991;
err(10)=0.00172245;
err(11)=0.0011946;
err(12)=0.00675599;
err(13)=0.165527;
err(14)=0.188978;
err(15)=0.162978;
err(16)=0.0800016;
err(17)=0.0614591;
err(18)=0.000832629;
err(19)=0.013901;
err(20)=0.00263953;
err(21)=0.00139802;
err(22)=0.000746267;
err(23)=0.000694394;
err(24)=0.000669191;
err(25)=0.000364254;
err(26)=0.000131225;
err(27)=9.88539e-05;
err(28)=5.9852e-05;
err(29)=1.98159e-05;
err(30)=5.9312e-06;
err(31)=3.88612e-06;
err(32)=9.23341e-07;
