relres(1)=1;
relres(2)=0.0658992;
relres(3)=0.0586446;
relres(4)=0.0433467;
relres(5)=0.0267759;
relres(6)=0.0194792;
relres(7)=0.0149675;
relres(8)=0.00866887;
relres(9)=0.00515016;
relres(10)=0.00295975;
relres(11)=0.00204753;
relres(12)=0.00105083;
relres(13)=0.000720048;
relres(14)=0.000472548;
relres(15)=0.000300481;
relres(16)=0.000206806;
relres(17)=0.000143993;
relres(18)=8.53619e-05;
relres(19)=5.10799e-05;
relres(20)=3.36187e-05;
relres(21)=2.22901e-05;
relres(22)=1.30142e-05;
relres(23)=8.98072e-06;
relres(24)=6.28264e-06;
relres(25)=3.93398e-06;
relres(26)=2.59047e-06;
relres(27)=1.72278e-06;
relres(28)=1.05532e-06;
relres(29)=6.2441e-07;
